0.2066 1.01
0.2101 1.083
0.2138 1.133
0.2175 1.186
0.2214 1.247
0.2254 1.34
0.2296 1.471
0.2339 1.579
0.2384 1.589
0.2431 1.571
0.248 1.57
0.253 1.597
0.2583 1.658
0.2638 1.764
0.2695 1.988
0.2755 2.452
0.2818 3.12
0.2883 4.087
0.2952 4.888
0.3024 5.02
0.31 5.01
0.3179 5.016
0.3263 5.065
0.3351 5.156
0.3444 5.296
0.3542 5.61
0.3647 6.522
0.3757 6.709
0.3875 6.062
0.3999 5.57
0.4133 5.222
0.4275 4.961
0.4428 4.753
0.4592 4.583
0.4769 4.442
0.4959 4.32
0.5166 4.215
0.5391 4.123
0.5636 4.042
0.5904 3.969
0.6199 3.906
0.6525 3.847
0.6888 3.796
0.7293 3.752
0.7749 3.714
0.8266 3.673
