0.2066 2.909
0.2101 2.982
0.2138 3.045
0.2175 3.12
0.2214 3.206
0.2254 3.302
0.2296 3.366
0.2339 3.353
0.2384 3.354
0.2431 3.429
0.248 3.565
0.253 3.749
0.2583 3.979
0.2638 4.278
0.2695 4.678
0.2755 5.082
0.2818 5.344
0.2883 5.395
0.2952 4.639
0.3024 3.979
0.31 3.586
0.3179 3.346
0.3263 3.182
0.3351 3.058
0.3444 2.987
0.3542 3.014
0.3647 2.705
0.3757 1.32
0.3875 0.63
0.3999 0.387
0.4133 0.269
0.4275 0.203
0.4428 0.163
0.4592 0.13
0.4769 0.09
0.4959 0.073
0.5166 0.06
0.5391 0.048
0.5636 0.032
0.5904 0.03
0.6199 0.022
0.6525 0.016
0.6888 0.013
0.7293 0.01
0.7749 0.008
0.8266 0.005
