0.1879 3.04128
0.1916 3.1759200000000005
0.1953 3.28568
0.1993 3.32766
0.2033 3.39682
0.2073 3.3904
0.2119 3.5100000000000002
0.2164 3.6062000000000003
0.2214 3.7102000000000004
0.2262 3.8252
0.2313 3.8922000000000003
0.2371 4.05504
0.2426 4.16328
0.249 4.33846
0.2551 4.49008
0.2616 4.722300000000001
0.2689 4.976279999999999
0.2761 5.28242
0.2844 5.49486
0.2924 5.596439999999999
0.3009 5.78034
0.3107 5.79258
0.3204 5.84584
0.3315 5.5736799999999995
0.3425 5.5381599999999995
0.3542 5.598000000000001
0.3679 5.6092
0.3815 5.64436
0.3974 5.73888
0.4133 5.717359999999999
0.4305 5.6491999999999996
0.4509 5.28264
0.4714 4.84438
0.4959 3.81264
0.5209 2.58044
0.5486 2.1113
0.5821 1.66054
0.6168 1.37424
0.6595 1.03516
0.7045 1.06678
0.756 1.27176
0.8211 1.62656
0.892 1.9254200000000001
0.984 2.794
1.088 3.8610000000000007
1.216 5.701499999999999
1.393 8.18634
1.61 12.555200000000003
1.937 25.3552
