0.1879 0.22705600000000015
0.1916 0.295191
0.1953 0.29252400000000045
0.1993 0.2038990000000005
0.2033 0.13817100000000027
0.2073 -0.01041599999999998
0.2119 -0.13250000000000006
0.2164 -0.2337689999999999
0.2214 -0.3463290000000001
0.2262 -0.41549999999999954
0.2313 -0.5510090000000003
0.2371 -0.6168959999999999
0.2426 -0.7445289999999998
0.249 -0.8912609999999999
0.2551 -1.0804439999999997
0.2616 -1.236501
0.2689 -1.3464090000000002
0.2761 -1.3665090000000002
0.2844 -1.3322610000000004
0.2924 -1.3067839999999995
0.3009 -1.227421
0.3107 -1.242549
0.3204 -1.2308039999999996
0.3315 -1.355289
0.3425 -1.310241
0.3542 -1.2319560000000003
0.3679 -1.4006250000000002
0.3815 -1.6048890000000005
0.3974 -1.649404
0.4133 -1.7021640000000002
0.4305 -1.6922039999999998
0.4509 -1.758996
0.4714 -1.7027009999999996
0.4959 -2.278289
0.5209 -3.9461609999999996
0.5486 -5.842125
0.5821 -8.112669
0.6168 -10.661883999999999
0.6595 -13.648209
0.7045 -16.817708999999997
0.756 -20.610163999999997
0.8211 -25.811289000000002
0.892 -32.040669
0.984 -40.2741
1.088 -51.049600000000005
1.216 -66.21852499999999
1.393 -90.426461
1.61 -125.35050000000003
1.937 -189.042
