0.103 -0.420147
0.108 -0.5856399999999999
0.113 -0.7412519999999999
0.118 -0.9026710000000001
0.124 -1.0889189999999997
0.131 -1.290591
0.138 -1.527651
0.146 -1.8044909999999998
0.155 -2.1244000000000005
0.165 -2.487375
0.177 -2.879876
0.191 -3.3804989999999995
0.207 -3.9662999999999995
0.225 -4.477599999999999
0.248 -4.761499999999999
0.258 -4.6629000000000005
0.27 -4.300000000000002
0.282 -3.650100000000002
0.295 -2.6879999999999997
0.31 -1.1266999999999996
0.326 1.3041
0.344 4.3081
0.354 6.1288
0.365 8.1344
0.388 11.724499999999999
0.413 15.104
0.443 17.2913
0.477 18.521700000000003
0.496 18.726499999999998
0.517 18.952639
0.564 18.533500000000004
0.62 17.680379000000006
0.653 17.257131
0.689 16.654659
0.729 16.040498999999997
0.775 15.426404
0.827 14.89300656
0.886 14.21129199
0.954 13.5424
1.03 13.0321
1.13 12.7449
1.24 12.531600000000001
1.38 12.25
1.55 12.1104
1.77 11.902500000000002
2.07 11.833599999999999
