0.103 0.474804
0.108 0.614922
0.113 0.741664
0.118 0.87984
0.124 1.04652
0.131 1.2325599999999999
0.138 1.4661000000000002
0.146 1.75518
0.155 2.112
0.165 2.5578
0.177 3.1449599999999998
0.191 3.9371399999999994
0.207 5.0616
0.225 6.777
0.248 9.3288
0.258 10.602
0.27 12.1302
0.282 13.754
0.295 15.5648
0.31 17.564400000000003
0.326 19.259999999999998
0.344 20.447999999999997
0.354 20.8134
0.365 20.748
0.388 19.8492
0.413 17.6952
0.443 14.661599999999998
0.477 11.4944
0.496 10.0128
0.517 8.64348
0.564 6.0168
0.62 3.9000600000000007
0.653 3.0274199999999998
0.689 2.21678
0.729 1.59598
0.775 1.0689600000000001
0.827 0.626864
0.886 0.30235399999999996
0.954 0.0
1.03 0.0
1.13 0.0
1.24 0.0
1.38 0.0
1.55 0.0
1.77 0.0
2.07 0.0
